/usr/bin/python2.7 /home/mister-t/PycharmProjects/RecommendationSys/Engine.py
(943, 5)
(100000, 4)
(1683, 24)
________ RATING SIZE __________
(80000, 4)
________ RATING BASE __________
       user_id  movie_id  rating  unix_timestamp
0            1         3       4       878542960
1            1         4       3       876893119
2            1         5       3       889751712
3            1         6       5       887431973
4            1         7       4       875071561
5            1        10       3       875693118
6            1        11       2       875072262
7            1        12       5       878542960
8            1        13       5       875071805
9            1        14       5       874965706
10           1        15       5       875071608
11           1        16       5       878543541
12           1        17       3       875073198
13           1        18       4       887432020
14           1        19       5       875071515
15           1        20       4       887431883
16           1        23       4       875072895
17           1        24       3       875071713
18           1        25       4       875071805
19           1        27       2       876892946
20           1        28       4       875072173
21           1        29       1       878542869
22           1        31       3       875072144
23           1        33       4       878542699
24           1        35       1       878542420
25           1        36       2       875073180
26           1        39       4       875072173
27           1        41       2       876892818
28           1        42       5       876892425
29           1        43       4       878542869
...        ...       ...     ...             ...
79970      943       720       1       888640048
79971      943       721       5       888639660
79972      943       722       3       888640208
79973      943       724       1       888639478
79974      943       732       4       888639789
79975      943       739       4       888639929
79976      943       756       2       875502146
79977      943       763       4       875501813
79978      943       765       3       888640227
79979      943       785       2       888640088
79980      943       794       3       888640143
79981      943       796       3       888640311
79982      943       808       4       888639868
79983      943       816       4       888640186
79984      943       824       4       875502483
79985      943       825       3       875502283
79986      943       831       2       875502283
79987      943       840       4       888693104
79988      943       928       5       875502074
79989      943       941       1       888639725
79990      943       943       5       888639614
79991      943      1011       2       875502560
79992      943      1028       2       875502096
79993      943      1044       3       888639903
79994      943      1047       2       875502146
79995      943      1067       2       875501756
79996      943      1074       4       888640250
79997      943      1188       3       888640250
79998      943      1228       3       888640275
79999      943      1330       3       888692465

[80000 rows x 4 columns]
________ RATING TEST __________
       user_id  movie_id  rating  unix_timestamp
0            1         1       5       874965758
1            1         2       3       876893171
2            1         8       1       875072484
3            1         9       5       878543541
4            1        21       1       878542772
5            1        22       4       875072404
6            1        26       3       875072442
7            1        30       3       878542515
8            1        32       5       888732909
9            1        34       2       878542869
10           1        37       2       878543030
11           1        38       3       878543075
12           1        40       3       876893230
13           1        63       2       878543196
14           1        68       4       875072688
15           1        75       4       878543238
16           1        89       5       875072484
17           1        93       5       875071484
18           1        99       3       875072547
19           1       105       2       875240739
20           1       119       5       876893098
21           1       131       1       878542552
22           1       133       4       876892818
23           1       135       4       875072404
24           1       136       3       876893206
25           1       138       1       878543006
26           1       141       3       878542608
27           1       144       4       875073180
28           1       146       4       875071561
29           1       147       3       875240993
...        ...       ...     ...             ...
19970      653       164       3       878854633
19971      653       272       4       893275949
19972      653       402       1       880151488
19973      653       444       1       880153329
19974      653       566       5       878854190
19975      653       573       1       880152843
19976      653      1044       1       880153304
19977      654         4       4       887864830
19978      654       250       1       887863557
19979      654       258       4       887863436
19980      654       318       5       887864230
19981      654       423       4       887864432
19982      654       558       3       887864471
19983      655        14       3       891585450
19984      655        52       3       891585279
19985      655        53       2       887429812
19986      655        66       2       890887261
19987      655       126       2       887426732
19988      655       198       4       887428871
19989      655       224       3       887425845
19990      655       274       3       888474872
19991      655       281       2       887426732
19992      655       344       4       888204230
19993      655       523       3       887427268
19994      655       670       3       887430142
19995      655       693       3       888984506
19996      655       736       3       888685734
19997      655       918       2       892436609
19998      655      1403       3       888813372
19999      658       276       4       875145572

[20000 rows x 4 columns]
________ GEN. INFO __________
        943 users
0      1682 items
1  100000 ratings
This non-commercial license of GraphLab Create for academic use is assigned to tejasprawal@gmail.com and will expire on May 22, 2018.
[INFO] graphlab.cython.cy_server: GraphLab Create v2.1 started. Logging: /tmp/graphlab_server_1496584191.log
________ TRAIN DATA __________
+---------+----------+--------+----------------+
| user_id | movie_id | rating | unix_timestamp |
+---------+----------+--------+----------------+
|    1    |    3     |   4    |   878542960    |
|    1    |    4     |   3    |   876893119    |
|    1    |    5     |   3    |   889751712    |
|    1    |    6     |   5    |   887431973    |
|    1    |    7     |   4    |   875071561    |
|    1    |    10    |   3    |   875693118    |
|    1    |    11    |   2    |   875072262    |
|    1    |    12    |   5    |   878542960    |
|    1    |    13    |   5    |   875071805    |
|    1    |    14    |   5    |   874965706    |
+---------+----------+--------+----------------+
[80000 rows x 4 columns]
Note: Only the head of the SFrame is printed.
You can use print_rows(num_rows=m, num_columns=n) to print more rows and columns.
Recsys training: model = popularity
Warning: Ignoring columns unix_timestamp;
    To use these columns in scoring predictions, use a model that allows the use of additional features.
Preparing data set.
    Data has 80000 observations with 943 users and 1648 items.
    Data prepared in: 0.113414s
80000 observations to process; with 1648 unique items.
______ POPULARITY MODEL ________
+---------+----------+-------+------+
| user_id | movie_id | score | rank |
+---------+----------+-------+------+
|    1    |   1467   |  5.0  |  1   |
|    1    |   1201   |  5.0  |  2   |
|    1    |   1189   |  5.0  |  3   |
|    1    |   1122   |  5.0  |  4   |
|    1    |   814    |  5.0  |  5   |
|    2    |   1467   |  5.0  |  1   |
|    2    |   1201   |  5.0  |  2   |
|    2    |   1189   |  5.0  |  3   |
|    2    |   1122   |  5.0  |  4   |
|    2    |   814    |  5.0  |  5   |
|    3    |   1467   |  5.0  |  1   |
|    3    |   1201   |  5.0  |  2   |
|    3    |   1189   |  5.0  |  3   |
|    3    |   1122   |  5.0  |  4   |
|    3    |   814    |  5.0  |  5   |
|    4    |   1467   |  5.0  |  1   |
|    4    |   1201   |  5.0  |  2   |
|    4    |   1189   |  5.0  |  3   |
|    4    |   1122   |  5.0  |  4   |
|    4    |   814    |  5.0  |  5   |
|    5    |   1467   |  5.0  |  1   |
|    5    |   1201   |  5.0  |  2   |
|    5    |   1189   |  5.0  |  3   |
|    5    |   1122   |  5.0  |  4   |
|    5    |   814    |  5.0  |  5   |
+---------+----------+-------+------+
[25 rows x 4 columns]

________ RATINGS BASE __________
movie_id
1512    5.000000
1122    5.000000
1293    5.000000
1189    5.000000
1472    5.000000
1653    5.000000
1467    5.000000
1500    5.000000
814     5.000000
1450    5.000000
1536    5.000000
1064    5.000000
1599    5.000000
1201    5.000000
1449    4.625000
114     4.538462
318     4.512821
408     4.511364
1642    4.500000
1443    4.500000
Name: rating, dtype: float64
Recsys training: model = item_similarity
Warning: Ignoring columns unix_timestamp;
    To use these columns in scoring predictions, use a model that allows the use of additional features.
Preparing data set.
    Data has 80000 observations with 943 users and 1648 items.
    Data prepared in: 0.175137s
Training model from provided data.
Gathering per-item and per-user statistics.
+--------------------------------+------------+
| Elapsed Time (Item Statistics) | % Complete |
+--------------------------------+------------+
| 5.855ms                        | 100        |
+--------------------------------+------------+
Setting up lookup tables.
Processing data in one pass using dense lookup tables.
+-------------------------------------+------------------+-----------------+
| Elapsed Time (Constructing Lookups) | Total % Complete | Items Processed |
+-------------------------------------+------------------+-----------------+
| 10.248ms                            | 0.25             | 6               |
| 131.948ms                           | 100              | 1648            |
+-------------------------------------+------------------+-----------------+
Finalizing lookup tables.
Generating candidate set for working with new users.
Finished training in 1.15063s
+---------+----------+-----------------+------+
| user_id | movie_id |      score      | rank |
+---------+----------+-----------------+------+
|    1    |   568    |  0.146686887796 |  1   |
|    1    |   385    |  0.133614318086 |  2   |
|    1    |   176    |  0.123539318732 |  3   |
|    1    |    89    |  0.116654120454 |  4   |
|    1    |   173    |  0.115037191625 |  5   |
|    2    |   258    |  0.125363191453 |  1   |
|    2    |    25    |  0.117851799581 |  2   |
|    2    |   181    |  0.113357655886 |  3   |
|    2    |   121    |  0.11067733532  |  4   |
|    2    |   294    |  0.11044467077  |  5   |
|    3    |   302    |  0.132435293574 |  1   |
|    3    |   313    |  0.114612543269 |  2   |
|    3    |   258    |  0.113226708613 |  3   |
|    3    |   288    |  0.112885953564 |  4   |
|    3    |   748    |  0.108387923554 |  5   |
|    4    |   258    |  0.11648749974  |  1   |
|    4    |   328    |  0.105506764518 |  2   |
|    4    |   302    |  0.104108482599 |  3   |
|    4    |   333    |  0.103694031636 |  4   |
|    4    |    69    | 0.0989405314128 |  5   |
|    5    |   568    |  0.145133246902 |  1   |
|    5    |   202    |  0.138028735878 |  2   |
|    5    |   161    |  0.136075823362 |  3   |
|    5    |   172    |  0.133098947638 |  4   |
|    5    |   195    |  0.125250711696 |  5   |
+---------+----------+-----------------+------+
[25 rows x 4 columns]

('-----------------------> ', <class 'graphlab.data_structures.sframe.SFrame'>)
________ REC W/ MOVIE NAMES ___________
    user_id  movie_id     score  rank                      movie names
0         1       568  0.146687     1                     Speed (1994)
1         1       385  0.133614     2                 True Lies (1994)
2         1       176  0.123539     3                    Aliens (1986)
3         1        89  0.116654     4              Blade Runner (1982)
4         1       173  0.115037     5       Princess Bride, The (1987)
5         2       258  0.125363     1                   Contact (1997)
6         2        25  0.117852     2             Birdcage, The (1996)
7         2       181  0.113358     3        Return of the Jedi (1983)
8         2       121  0.110677     4    Independence Day (ID4) (1996)
9         2       294  0.110445     5                 Liar Liar (1997)
10        3       302  0.132435     1         L.A. Confidential (1997)
11        3       313  0.114613     2                   Titanic (1997)
12        3       258  0.113227     3                   Contact (1997)
13        3       288  0.112886     4                    Scream (1996)
14        3       748  0.108388     5                Saint, The (1997)
15        4       258  0.116487     1                   Contact (1997)
16        4       328  0.105507     2         Conspiracy Theory (1997)
17        4       302  0.104108     3         L.A. Confidential (1997)
18        4       333  0.103694     4                 Game, The (1997)
19        4        69  0.098941     5              Forrest Gump (1994)
20        5       568  0.145133     1                     Speed (1994)
21        5       202  0.138029     2             Groundhog Day (1993)
22        5       161  0.136076     3                   Top Gun (1986)
23        5       172  0.133099     4  Empire Strikes Back, The (1980)
24        5       195  0.125251     5           Terminator, The (1984)
PROGRESS: Evaluate model M0

Precision and recall summary statistics by cutoff
+--------+-------------------+-------------------+
| cutoff |   mean_precision  |    mean_recall    |
+--------+-------------------+-------------------+
|   1    |        0.0        |        0.0        |
|   2    |  0.00153139356815 | 9.41518169517e-05 |
|   3    |  0.00102092904543 | 9.41518169517e-05 |
|   4    | 0.000765696784074 | 9.41518169517e-05 |
|   5    | 0.000918836140888 | 0.000124779688315 |
|   6    | 0.000765696784074 | 0.000124779688315 |
|   7    | 0.000875082038941 | 0.000191362017365 |
|   8    | 0.000957120980092 | 0.000226166416641 |
|   9    | 0.000850774204526 | 0.000226166416641 |
|   10   | 0.000918836140888 | 0.000328259321184 |
+--------+-------------------+-------------------+
[10 rows x 3 columns]

PROGRESS: Evaluate model M1

Precision and recall summary statistics by cutoff
+--------+----------------+-----------------+
| cutoff | mean_precision |   mean_recall   |
+--------+----------------+-----------------+
|   1    | 0.448698315467 | 0.0253964404542 |
|   2    | 0.437212863706 | 0.0533836179298 |
|   3    | 0.415518121491 | 0.0723934631222 |
|   4    | 0.396248085758 | 0.0905344577226 |
|   5    | 0.380398162328 |  0.106612974066 |
|   6    | 0.367279224094 |   0.1202507575  |
|   7    | 0.354626996281 |  0.132401127542 |
|   8    | 0.343223583461 |  0.144506732669 |
|   9    | 0.335034881742 |  0.157363027649 |
|   10   | 0.325114854518 |  0.167544036867 |
+--------+----------------+-----------------+
[10 rows x 3 columns]

Model compare metric: precision_recall
Canvas is accessible via web browser at the URL: http://localhost:35310/index.html
Opening Canvas in default web browser.
console.info: 2017-06-04T13:50:00.255Z: Starting AdBlocker ultimate addon...
console.info: 2017-06-04T13:50:00.258Z: Initializing webRequest...
console.info: 2017-06-04T13:50:00.261Z: Collapse style registered successfully
console.info: 2017-06-04T13:50:00.263Z: Selector style registered successfully
console.info: 2017-06-04T13:50:01.101Z: Groups metadata loaded
console.info: 2017-06-04T13:50:01.211Z: Filters metadata loaded
console.info: 2017-06-04T13:50:01.215Z: Starting loading filter rules from the storage
console.info: 2017-06-04T13:50:02.158Z: Finished loading filter rules from the storage in 942 ms
console.info: 2017-06-04T13:50:02.158Z: Starting request filter initialization
console.info: 2017-06-04T13:50:04.890Z: Finished request filter initialization in 2731 ms. Rules count: 67549
